// Created with X3 Editor 0.0.22
50;39;
27;145;0.420000;0.420000;0;SG_LASER_IRE;8003;150;913;0;450;0.025000;ICON_LASER_IRE;1;72;16;1;1;96;10;1059;0;SS_LASER_IRE;
27;146;0.342000;0.342000;0;SG_LASER_PAC;8013;191;959;1;900;0.025000;ICON_LASER_PAC;3;600;11;1;1;840;33;1066;0;SS_LASER_PAC;
27;299;0.435000;0.435000;0;SG_LASER_MASS;4953;81;914;2;400;0.020000;ICON_LASER_MASS;1;1800;12;1;1;2568;333;1065;0;SS_LASER_MASS;
27;146;0.410000;0.410000;0;SG_LASER_ARGON_LIGHT;8033;94;959;3;900;0.025000;ICON_LASER_PRG;4;2304;11;1;1;3072;1000;1066;0;SS_LASER_PRG;
27;146;0.320000;0.320000;0;SG_LASER_TELADI_LIGHT;8043;152;959;4;900;0.025000;ICON_LASER_EBC;1;2328;14;1;1;3024;333;1066;0;SS_LASER_EBC;
27;146;0.360000;0.360000;0;SG_LASER_PARANID_LIGHT;8053;317;959;5;900;0.025000;ICON_LASER_FBL;5;3120;11;1;1;4128;1000;1066;0;SS_LASER_FBL;
27;147;0.299000;0.299000;0;SG_LASER_HEPT;8063;212;960;6;1800;0.022500;ICON_LASER_HEPT;6;2160;11;1;1;2880;100;1057;0;SS_LASER_HEPT;
27;798;0.187000;0.187000;0;SG_LASER_BORON_LIGHT;4623;473;0;7;1000;0.031000;ICON_LASER_IOND;10;4320;14;1;2;5160;1000;1061;0;SS_LASER_IOND;
27;299;0.495000;0.495000;0;SG_LASER_PBE;8083;52;1205;8;1000;0.015000;ICON_LASER_PBE;8;3840;14;1;2;4800;1000;1074;0;SS_LASER_PBE;
27;796;0.248000;0.248000;0;SG_LASER_PIRATE_LIGHT;8093;1095;0;9;500;0.025000;ICON_LASER_PD;7;1980;15;1;1;2520;33;1068;0;SS_LASER_PD;
27;299;0.421000;0.421000;0;SG_LASER_TERRAN_LIGHT;8103;382;960;10;1500;0.019500;ICON_LASER_EMP;5;4968;5;1;1;5976;1000;1057;0;SS_LASER_EMP;
27;299;0.270000;0.270000;0;SG_LASER_CIG;7933;800;960;11;5000;0.010000;ICON_LASER_CIG;25;6912;9;1;2;8232;1000;0;0;SS_LASER_CIG;
27;299;0.250000;0.250000;0;SG_LASER_BORON_MEDIUM;8123;960;960;12;5000;0.010000;ICON_LASER_IPG;28;7440;8;1;2;8760;3333;1061;0;SS_LASER_IPG;
27;299;0.300000;0.300000;0;SG_LASER_SPLIT_MEDIUM;8133;260;960;13;5000;0.010000;ICON_LASER_ESR;22;6864;9;1;2;8088;3333;1061;0;SS_LASER_ESR;
27;299;0.300000;0.300000;0;SG_LASER_TERRAN_MEDIUM;8143;833;960;14;5000;0.010000;ICON_LASER_MAM;21;6960;4;1;2;8220;3333;1067;0;SS_LASER_MAM;
27;299;0.468000;0.468000;0;SG_LASER_TELADI_AF;8153;1080;912;15;4000;0.015000;ICON_LASER_FLAK_ALPHA;30;9600;7;1;3;12600;3333;1055;0;SS_LASER_FLAK_ALPHA;
27;299;0.450000;0.450000;0;SG_LASER_ARGON_AF;8163;975;912;16;5000;0.015000;ICON_LASER_FLAK_CLUSTER;33;9840;8;1;3;12864;10000;1056;0;SS_LASER_FLAK_CLUSTER;
27;299;0.260000;0.260000;0;SG_LASER_SPLIT_AF;8173;420;960;17;2000;0.020000;ICON_LASER_PAL;32;10080;7;1;3;12960;10000;1055;0;SS_LASER_PAL;
27;798;0.090000;0.090000;0;SG_LASER_PARANID_AF;8183;789;0;18;3000;0.015000;ICON_LASER_PSG;28;9600;9;1;3;11400;10000;1070;0;SS_LASER_PSG;
27;299;0.481000;0.481000;0;SG_LASER_TERRAN_AF;8193;1579;912;19;4000;0.015000;ICON_LASER_TERRANANTIFIGHTER;28;9600;3;1;3;12600;10000;1055;0;SS_LASER_TERRANANTIFIGHTER;
27;299;0.018000;0.018000;0;SG_LASER_PPC;8203;1370;960;20;4000;0.015000;ICON_LASER_PPC;100;14400;6;1;4;17280;3333;1073;0;SS_LASER_PPC;
27;299;0.015000;0.015000;0;SG_LASER_BORON_HEAVY;8213;1800;960;21;4000;0.015000;ICON_LASER_IONC;150;15000;5;1;4;17688;10000;1073;0;SS_LASER_IONC;
27;299;0.025000;0.025000;0;SG_LASER_TELADI_HEAVY;8223;676;960;22;4000;0.015000;ICON_LASER_GAUSS;55;11208;7;1;4;13752;10000;1073;0;SS_LASER_GAUSS;
27;299;0.030000;0.030000;0;SG_LASER_PIRATE_HEAVY;8233;1100;960;23;4000;0.015000;ICON_LASER_IBL;110;12960;7;1;4;15840;1000;1073;0;SS_LASER_IBL;
27;299;0.010000;0.010000;0;SG_LASER_TERRAN_HEAVY;8243;10000;960;24;4000;0.015000;ICON_LASER_PSP;200;15864;7;1;4;18576;33333;1073;0;SS_LASER_PSP;
27;299;0.187000;0.187000;0;SG_LASER_ARGON_BEAM;8253;600;960;25;2000;0.020000;ICON_LASER_PBC;120;14520;6;1;4;17184;10000;1072;0;SS_LASER_PBC;
27;299;0.150000;0.150000;0;SG_LASER_PARANID_BEAM;8263;675;960;26;2000;0.020000;ICON_LASER_TRIBEAM;135;14832;6;1;4;17448;10000;0;0;SS_LASER_TRIBEAM;
27;299;0.187000;0.187000;0;SG_LASER_TERRAN_BEAM;8273;420;960;27;2000;0.020000;ICON_LASER_FUSIONBEAM;30;15000;1;1;3;17688;3333;0;0;SS_LASER_FUSIONBEAM;
27;972;0.010000;0.010000;0;SG_LASER_SPECIAL;4633;20000;958;28;800;0.020000;ICON_LASER_MINING;100;1200;14;1;4;1728;-100;0;0;SS_LASER_MINING;
27;299;0.100000;0.100000;0;SG_LASER_SPECIAL;6021;500;0;29;7000;0.020000;ICON_LASER_TUG;50;12000;2;1;1;13992;333;0;0;SS_LASER_TUG;
27;299;0.450000;0.450000;0;SG_LASER_UNKNOWN2;8303;975;912;30;5000;0.015000;ICON_LASER_FLAK_CLUSTER;33;9840;8;1;3;12864;10000;1056;0;SS_LASER_DUMMY1;
27;978;0.240000;0.240000;0;SG_LASER_UNKNOWN2;8313;300;960;31;500;0.040000;ICON_LASER_DUMMY2;1;72;2;1;1;96;-100000;1062;0;SS_LASER_DUMMY2;
27;978;0.240000;0.240000;0;SG_LASER_KYON;4643;300;0;32;500;0.040000;ICON_LASER_KH_ALPHA;1;72;2;1;1;96;-100000;1062;0;SS_LASER_KH_ALPHA;
27;978;0.240000;0.240000;0;SG_LASER_KYON;4653;500;0;33;700;0.050000;ICON_LASER_KH_BETA;5;720;2;1;2;1080;-100000;1063;0;SS_LASER_KH_BETA;
27;978;0.240000;0.240000;0;SG_LASER_KYON;4663;700;0;34;4000;0.050000;ICON_LASER_KH_GAMMA;25;1800;2;1;4;2688;-100000;1064;0;SS_LASER_KH_GAMMA;
27;299;0.100000;0.100000;0;SG_LASER_SPECIAL;6713;200;960;35;8000;0.010000;ICON_LASER_REPAIR;1;1;1;1;0;1;100;0;0;SS_LASER_REPAIR;
27;299;0.421000;0.421000;0;SG_LASER_UNKNOWN1;18103;426;960;10;1500;0.019500;ICON_LASER_EMP_1;5;4986;1;1;1;5976;1000;1058;0;SS_LASER_EMP_1;
27;299;0.300000;0.300000;0;SG_LASER_UNKNOWN1;18143;937;960;14;5000;0.010000;ICON_LASER_MAM_1;21;6960;2;1;2;8220;3333;1067;0;SS_LASER_MAM_1;
27;299;0.481000;0.481000;0;SG_LASER_UNKNOWN1;18193;1765;912;19;4000;0.015000;ICON_LASER_TERRANANTIFIGHTER_1;28;9600;9;1;4;9960;10000;1055;0;SS_LASER_TERRANANTIFIGHTER_1;
