//video data
//number of videos;
//video stream id;video stream id;movie id;move start (min; sec; milli;) move end (min; sec; milli;)
255;
901;0;0;0;1;0;0;0;0;22;0;//Goner_Priest_512_.mpg;0;22000;;
902;0;0;0;1;0;22;0;0;44;0;//Goner_Priest_2_512_.mpg;22000;;;
101;0;0;0;1;0;44;0;1;6;0;//Military_Female_512_.mpg;44000;;;
102;0;0;0;1;1;6;0;1;28;0;//Military_Male_512_.mpg;66000;;;
103;0;0;0;1;1;28;0;1;50;0;//Military_Officer_512_.mpg;88000;;;
811;0;0;0;1;1;50;0;2;12;0;//Pirate_Female_512_.mpg;110000;;;
812;0;0;0;1;2;12;0;2;34;0;//Pirate_Male_512_.mpg;132000;;;
813;0;0;0;1;2;34;0;2;56;0;//Pirate_Male_2_512_.mpg;154000;;;
104;0;0;0;1;2;56;0;3;18;0;//Transporter_Female_2_512_.mpg;176000;;;
105;0;0;0;1;3;18;0;3;40;0;//TransporterFemale_512_.mpg;198000;;;
106;0;0;0;1;3;40;0;4;2;0;//Transporter_Male_2_512_.mpg;220000;;;
107;0;0;0;1;4;2;0;4;24;0;//Normal_512_.mpg;242000;;;
108;0;0;0;1;4;24;0;4;46;0;//Normal_2_512_.mpg;264000;;;
120;0;0;0;1;4;46;0;5;8;0;//Elena_512_.mpg;286000;;;
121;0;0;0;1;5;8;0;5;30;0;//Saya_512_.mpg;308000;;;
122;0;0;0;1;5;30;0;5;52;0;//TransporterMale_512_.mpg;330000;;;
158;0;0;0;1;5;52;0;6;14;0;//Ban_Danna_512_.mpg;352000;;;
117;0;0;0;1;6;14;0;6;19;567;//Kyle_Brennan_512_.mpg;374000;5567;;
201;0;0;0;1;6;19;567;6;41;567;// Boron;379567;22000;;
202;0;0;0;1;6;41;567;7;3;567;//;401567;22000;;
203;0;0;0;1;7;3;567;7;25;567;//;423567;;;
204;0;0;0;1;7;25;567;7;47;567;//;445567;;;
205;0;0;0;1;7;47;567;8;9;567;//;467567;;;
301;0;0;0;1;8;9;567;8;31;567;// Split;489567;;;
302;0;0;0;1;8;31;567;8;53;567;//;511567;;;
303;0;0;0;1;8;53;567;9;15;567;//;533567;;;
304;0;0;0;1;9;15;567;9;37;567;//;555567;;;
305;0;0;0;1;9;37;567;9;59;567;//;577567;;;
401;0;0;0;1;9;59;567;10;21;567;// Paranids;599567;;;
402;0;0;0;1;10;21;567;10;43;567;//;621567;;;
403;0;0;0;1;10;43;567;11;5;567;//;643567;;;
404;0;0;0;1;11;5;567;11;27;567;//;665567;;;
405;0;0;0;1;11;27;567;11;49;567;//;687567;;;
501;0;0;0;1;11;49;567;12;11;567;// Teladi;709567;;;
502;0;0;0;1;12;11;567;12;33;567;//;731567;;;
503;0;0;0;1;12;33;567;12;55;567;//;753567;;;
504;0;0;0;1;12;55;567;13;17;567;//;775567;;;
505;0;0;0;1;13;17;567;13;39;567;//;797567;;;
821;0;0;0;1;13;39;567;14;1;567;// Pirate Boron;819567;;;
822;0;0;0;1;14;1;567;14;23;567;//;841567;;;
831;0;0;0;1;14;23;567;14;45;567; // Pirate Split;863567;;;
832;0;0;0;1;14;45;567;15;7;567;//;885567;;;
841;0;0;0;1;15;7;567;15;29;567; // Pirate Paranid;907567;;;
842;0;0;0;1;15;29;567;15;51;567;//;929567;;;
851;0;0;0;1;15;51;567;16;13;567; // Pirate Teladi;951567;;;
852;0;0;0;1;16;13;567;16;35;567;//;973567;;;
903;0;0;0;1;16;35;567;16;35;733; // 6frames   flickering;995567;;;
915;0;0;0;1;16;35;733;16;57;733;//Beckit;995733;;;
131;0;0;0;1;16;57;733;17;19;733;//Comp 1;1017733;;;
917;0;0;0;1;17;19;733;17;41;733;//Dogun;1039733;;;
815;0;0;0;1;17;41;733;18;3;733;//Dontony;1061733;;;
142;0;0;0;1;18;3;733;18;25;733;//MaleFemale_NotNormal;1083733;;;
109;0;0;0;1;18;25;733;18;47;733;//Normal_Female_Nia ;1105733;;;
916;0;0;0;1;18;47;733;19;9;733;//Ion;1127733;;;
126;0;0;0;1;19;9;733;19;31;733;//Julian;1149733;;;
910;0;0;0;1;19;31;733;19;53;733;//Kyle;1171733;;;
816;0;0;0;1;19;53;733;20;15;733;//Miria;1193733;;;
1000;0;0;0;1;20;15;733;20;27;773;//Argnu beef.avi;1215733;;length;
1001;0;0;0;1;20;27;773;20;39;813;//Artificial Fertilizer.avi;1227773;;12000;
1002;0;0;0;1;20;39;813;20;51;853;//Best Buys Locator.avi;1239813;;12040;
1003;0;0;0;1;20;51;853;21;3;893;//Best Selling Price Locator.avi;1251853;;12037;
1004;0;0;0;1;21;3;893;21;15;933;//BioMicro-Organisms.avi;1263893
1005;0;0;0;1;21;15;933;21;27;973;//Cargo Lifesupport System.avi;1275933
1006;0;0;0;1;21;27;973;21;40;13;//Cartography Chips.avi;1287973
1007;0;0;0;1;21;40;13;21;52;53;//Chelts Meat.avi;1300013
1008;0;0;0;1;21;52;53;22;4;93;//Cloth Rimes.avi;1312053
1009;0;0;0;1;22;4;93;22;16;133;//Computer Components.avi;1324093
1010;0;0;0;1;22;16;133;22;28;173;//Construction Equipment.avi;1336133
1011;0;0;0;1;22;28;173;22;40;213;//Crystals.avi;1348173
1012;0;0;0;1;22;40;213;22;52;253;//Delexian Wheat.avi;1360213
1013;0;0;0;1;22;52;253;23;4;293;//Docking computer.avi;1372253
1014;0;0;0;1;23;4;293;23;16;333;//Duplex Scanner.avi;1384293
1015;0;0;0;1;23;16;333;23;28;373;//Ecliptic projector.avi;1396333
1016;0;0;0;1;23;28;373;23;40;413;//Energy Cell.avi;1408373
1017;0;0;0;1;23;40;413;23;52;453;//Engine Components.avi;1420413
1018;0;0;0;1;23;52;453;24;4;493;//Food Ration.avi;1432453
1019;0;0;0;1;24;4;493;24;16;533;//FreightScanner.avi;1444493
1020;0;0;0;1;24;16;533;24;28;573;//Hackerchip.avi;1456533
1021;0;0;0;1;24;28;573;24;40;613;//Hand Weapons 3D View Final .avi;1468573
1022;0;0;0;1;24;40;613;24;52;653;//Jumpdrives.avi;1480613
1023;0;0;0;1;24;52;653;25;4;693;//Luxury Foodstuff.avi;1492653
1024;0;0;0;1;25;4;693;25;16;733;//Majaglit.avi;1504693
1025;0;0;0;1;25;16;733;25;28;773;//Mass Driver Ammunition.avi;1516733
1026;0;0;0;1;25;28;773;25;40;813;//Medical Equipment.avi;1528773
1027;0;0;0;1;25;40;813;25;52;853;//Microchips.avi;1540813
1028;0;0;0;1;25;52;853;26;4;893;//Military Personnel.avi;1552853
1029;0;0;0;1;26;4;893;26;16;933;//Mineral Scanner.avi;1564893
1030;0;0;0;1;26;16;933;26;28;973;//Mining Equipment New.avi;1576933
1031;0;0;0;1;26;28;973;26;41;13;//Narcotics.avi;1588973
1032;0;0;0;1;26;41;13;26;53;53;//Nividium.avi;1601013
1033;0;0;0;1;26;53;53;27;5;93;//Ore Collector.avi;1613053
1034;0;0;0;1;27;5;93;27;17;133;//Ore.avi;1625093
1035;0;0;0;1;27;17;133;27;29;173;//Passenger.avi;1637133
1036;0;0;0;1;27;29;173;27;41;213;//Plankton.avi;1649173
1037;0;0;0;1;27;41;213;27;53;253;//Quantum Tube.avi;1661213
1038;0;0;0;1;27;53;253;28;5;293;//Radioactive Waste 3D View Final.avi;1673253
1039;0;0;0;1;28;5;293;28;17;333;//Scruffin Fruits.avi;1685293
1040;0;0;0;1;28;17;333;28;29;373;//Singularity Engine Time Accelerator.avi;1697333
1041;0;0;0;1;28;29;373;28;41;413;//Slave.avi;1709373
1042;0;0;0;1;28;41;413;28;53;453;//Snail 01 Cine.avi;1721413
1043;0;0;0;1;28;53;453;29;5;493;//Software Packages.avi;1733453
1044;0;0;0;1;29;5;493;29;17;533;//Space Fuel.avi;1745493
1045;0;0;0;1;29;17;533;29;29;573;//Space Weed .avi;1757533
1046;0;0;0;1;29;29;573;29;41;613;//SpaceFly Eggs.avi;1769573
1047;0;0;0;1;29;41;613;29;53;653;//SQUASH Mine.avi;1781613
1048;0;0;0;1;29;53;653;30;5;693;//Stott Spices .avi;1793653
1049;0;0;0;1;30;5;693;30;17;733;//Trading System Extension.avi;1805693
1050;0;0;0;1;30;17;733;30;29;773;//Transporter Device.avi;1817733
1051;0;0;0;1;30;29;773;30;41;813;//VIP Passenger.avi;1829773
1052;0;0;0;1;30;41;813;30;53;853;//Warheads.avi;1841813;;
1053;0;0;0;1;30;53;853;31;5;893;//Water.avi;1853853;;
1054;0;0;0;1;31;5;893;31;17;933;//Weapon Interface Chip.avi;1865893;;
1055;0;0;0;1;31;17;933;31;29;866;//flak_artillery_array_alpha.mpg;1877933;;
1056;0;0;0;1;31;29;866;31;41;799;//flak_artillery_array_beta.mpg;1889866;;11933
1057;0;0;0;1;31;41;799;31;53;732;//highenergyplasmatrower_alpha.mpg;1901799;;
1058;0;0;0;1;31;53;732;32;5;665;//highenergyplasmatrower_beta.mpg;1913732;;
1059;0;0;0;1;32;5;665;32;17;598;//impulse_ray_emiter_alpha.mpg;1925665;;
1060;0;0;0;1;32;17;598;32;29;531;//impulse_ray_emiter_beta.mpg;1937598;;
1061;0;0;0;1;32;29;531;32;41;464;//iondisruptor.mpg;1949531;;
1062;0;0;0;1;32;41;464;32;53;397;//kyonemitter_alpha.mpg;1961464;;
1063;0;0;0;1;32;53;397;33;5;330;//kyonemitter_beta.mpg;1973397;;
1064;0;0;0;1;33;5;330;33;17;263;//kyonemitter_gamma.mpg;1985330;;
1065;0;0;0;1;33;17;263;33;29;196;//massdriver.mpg;1997263;;
1066;0;0;0;1;33;29;196;33;41;129;//particleacceleratorcanon_alpha.mpg;2009196;;
1067;0;0;0;1;33;41;129;33;53;62;//particleacceleratorcanon_beta.mpg;2021129;;
1068;0;0;0;1;33;53;62;34;4;995;//phaseshockwavegenerator_alpha.mpg;2033062
1069;0;0;0;1;34;4;995;34;16;928;//phaseshockwavegenerator_beta.mpg;2044995
1070;0;0;0;1;34;16;928;34;28;861;//phaseshockwavegenerator_gamma.mpg;2056928
1071;0;0;0;1;34;28;861;34;40;794;//photonpulsecannon_alpha.mpg;2068861
1072;0;0;0;1;34;40;794;34;52;727;//photonpulsecannon_beta.mpg;2080794
1073;0;0;0;1;34;52;727;35;4;660;//photonpulsecannon_gamma.mpg;2092727
1074;0;0;0;1;35;4;660;35;16;593;//pulsebeamemitter.mpg;2104660
1075;0;0;0;1;35;16;593;35;28;526;//aurora.mpg;2116593
1076;0;0;0;1;35;28;526;35;40;459;//banshee.mpg;2128526
1077;0;0;0;1;35;40;459;35;52;392;//blizzard.mpg;2140459
1078;0;0;0;1;35;52;392;36;4;325;//cyclone.mpg;2152392
1079;0;0;0;1;36;4;325;36;16;258;//disruptor.mpg;2164325
1080;0;0;0;1;36;16;258;36;28;191;//dragonfly.mpg;2176258
1081;0;0;0;1;36;28;191;36;40;124;//firefly.mpg;2188191
1082;0;0;0;1;36;40;124;36;52;57;//firelance.mpg;2200124
1083;0;0;0;1;36;52;57;37;3;990;//firestorm.mpg;2212057
1084;0;0;0;1;37;3;990;37;15;923;//hornet.mpg;2223990;;
1085;0;0;0;1;37;15;923;37;27;856;//hurricane.mpg;2235923;;
1086;0;0;0;1;37;27;856;37;39;789;//mosquito.mpg;2247856;;
1087;0;0;0;1;37;39;789;37;51;722;//rapier.mpg;2259789;;
1088;0;0;0;1;37;51;722;38;3;655;//remote_guided_w;2271722;;
1089;0;0;0;1;38;3;655;38;15;588;//silkworm.mpg;2283655;;
1090;0;0;0;1;38;15;588;38;27;521;//tempest.mpg;2295588;;
1091;0;0;0;1;38;27;521;38;39;454;//thunderbolt.mpg;2307521;;
1092;0;0;0;1;38;39;454;38;51;387;//tornado.mpg;2319454;;
1093;0;0;0;1;38;51;387;39;3;320;//typhoon.mpg;2331387;;
1094;0;0;0;1;39;3;320;39;15;253;//wasp.mpg;2343320;;
1095;0;0;0;1;39;15;253;39;27;186;//wildfire.mpg;2355253;;
1096;0;0;0;1;39;27;186;0;0;0;//windstalker.mpg;2367186;;
1097;0;0;0;1;39;39;119;39;51;2;//Black_Crystal.mpg);2379119
1098;0;0;0;1;39;51;52;40;2;985;//Blue_crystal.mpg);2391052
1099;0;0;0;1;40;2;985;40;14;918;//Bofu.mpg);2402985
1100;0;0;0;1;40;14;918;40;26;851;//cargobayextansion.mpg);2414918;;;;;
1101;0;0;0;1;40;26;851;40;38;784;//Credits.mpg);2426851;;;;;
1102;0;0;0;1;40;38;784;40;50;717;//enginetuning.mpg);2438784;;;;;
1103;0;0;0;1;40;50;717;41;2;650;//Entertainment Chip.mpg);2450717;;;;;
1104;0;0;0;1;41;2;650;41;14;583;//Glowing Crystal.mpg);2462650;;;;;
1105;0;0;0;1;41;14;583;41;26;516;//Green Crystal.mpg);2474583;;;;;
1106;0;0;0;1;41;26;516;41;38;449;//Massom Powder.mpg);2486516;;;;;
1107;0;0;0;1;41;38;449;41;50;382;//meatsteak_kahoonas.mpg);2498449;;;;;
1108;0;0;0;1;41;50;382;42;2;315;//Mobile Drilling System.mpg);2510382;;;;;
1109;0;0;0;1;42;2;315;42;14;248;//nostrop_oil.mpg);2522315;;;;;
1110;0;0;0;1;42;14;248;42;24;248;//Police Liceinse Split.avi);2534248;;10000;;;
1111;0;0;0;1;42;24;248;42;34;248;//Police License Argon.avi);2544248;;;42;24;300
1112;0;0;0;1;42;34;248;42;44;248;//Police License Boron.avi);2554248;;;;;
1113;0;0;0;1;42;44;248;42;54;248;//Police License Paranid.avi);2564248;;;;;
1114;0;0;0;1;42;54;248;43;4;248;//Police License Teladi.avi);2574248;;;;;
1115;0;0;0;1;43;4;248;43;16;181;//Rastar_oil.mpg);2584248;;;;;
1116;0;0;0;1;43;16;181;43;28;114;//Red Crystal.mpg);2596181;;
1117;0;0;0;1;43;28;114;43;40;47;//Repair Drone.mpg);2608114;;
1118;0;0;0;1;43;40;47;43;51;980;//Rudder Optimisation.mpg);2620047;;
1119;0;0;0;1;43;51;980;44;3;913;//satellite.mpg);2631980;;
1120;0;0;0;1;44;3;913;44;15;846;//Shield Generator.mpg>>);2643913;;
1121;0;0;0;1;44;15;846;44;27;779;//Soya_husk.mpg);2655846;;
1122;0;0;0;1;44;27;779;44;39;712;//space_time_accelerator.mpg);2667779;;
1123;0;0;0;1;44;39;712;44;51;645;//Strafe Drive Extension .mpg);2679712;;
1124;0;0;0;1;44;51;645;45;1;645;//Teladianium Panelling.avi);2691645;;
1125;0;0;0;1;45;1;645;45;8;533;//Teladianium.avi);2701645;;10000
1126;0;0;0;1;45;8;533;45;20;433;//Transparent Crystal.mpg);2708000;;
1127;0;0;0;1;45;20;433;45;32;400;//triplexscanner.mpg);;;
1128;0;0;0;1;45;32;400;45;44;333;//Yellow Crystal.mpg);;;
1129;0;0;0;1;45;44;333;45;56;100;//Questionmark.m1v);;;
1130;0;0;0;1;45;56;100;46;7;0;//ADVSat_WrongLength.m1v);;;
1131;0;0;0;1;46;07;800;46;29;800;//DummyVideo1);;;
1132;0;0;0;1;46;29;800;46;51;800;//DummyVideo2);;;
1133;0;0;0;1;46;51;800;47;13;800;//DummyVideo3);;;
1134;0;0;0;1;47;13;800;47;35;800;//DummyVideo4);;;
1135;0;0;0;1;47;35;800;47;57;800;//DummyVideo5);;;
1136;0;0;0;1;47;57;800;48;19;800;//DummyVideo6);;;
1137;0;0;0;1;48;19;800;48;41;800;//DummyVideo7);;;
1138;0;0;0;1;48;41;800;49;3;800;//DummyVideo8);;;
1139;0;0;0;1;49;3;800;49;25;800;//DummyVideo9);;;
1140;0;0;0;1;49;25;800;49;47;800;//DummyVideo10);;;
1141;0;0;0;1;49;47;800;50;9;800;//Station Computer);;;
// Advertising signs all coming from stream 2;;;;;;;;;;;;;;
// Grouped into five groups;;;;;;;;;;;;;;
2001;0;0;0;2;0;0;0;0;14;440;//Mini icons;;;
2101;0;0;0;2;0;14;440;0;34;320;// 1 Satellite;;;
2102;0;0;0;2;0;34;320;0;54;720;// 2 BOFU;;;
2103;0;0;0;2;0;54;720;1;15;960;// 3 Soja Husk;;;
2104;0;0;0;2;1;15;960;1;38;600;// 4 Energy Cell;;;
2105;0;0;0;2;1;38;600;1;59;920;// 5 Meat cahoona;;;
2106;0;0;0;2;1;59;920;2;21;360;// 6 Nostrop oil;;;
2107;0;0;0;2;2;21;360;2;28;480;// 7 Chelts Meat.avi;;;
2101;2102;0;0;2;2;28;480;2;48;380;// 1+2;;;
2103;2104;0;0;2;2;48;380;3;9;600;// 3+4;;;
2105;2106;0;0;2;3;9;600;3;30;920;// 5+6;;;
2107;2101;0;0;2;3;30;920;3;50;800;// 7+1;;;
2102;2103;0;0;2;3;50;800;4;11;200;// 2+3;22000;;
2104;2105;0;0;2;4;11;200;4;33;840;// 4+5;44000;;
2106;2107;0;0;2;4;33;840;4;55;280;// 6+7;66000;;
2101;2103;0;0;2;4;55;280;5;15;160;// 1+3;88000;;
2104;2106;0;0;2;5;15;160;5;37;800;// 4+6;110000;;
2105;2102;0;0;2;5;37;800;5;59;120;// 5+2;132000;5567;
2107;2103;0;0;2;5;59;120;6;20;360;// 7+3;;22000;
2101;2104;0;0;2;6;20;360;6;40;240;// 1+4;;22000;
2102;2106;0;0;2;6;40;240;7;0;640;// 2+6;;;
2103;2105;0;0;2;7;0;640;7;21;820;// 3+5;;;
2104;2107;0;0;2;7;21;820;7;44;520;// 4+7;;;
2106;2103;0;0;2;7;44;520;8;5;960;// 6+3;;;
2101;2105;0;0;2;8;5;960;8;25;840;// 1+5;;;
2102;2107;0;0;2;8;25;840;8;46;240;// 2+7;;;
2106;2101;0;0;2;8;46;240;9;7;680;// 6+1;;;
2102;2104;0;0;2;9;7;680;9;28;80;// 2+4;;;
2105;2107;0;0;2;9;28;80;9;49;400;// 5+7;;;
2101;2102;2103;2201;2;9;49;400;10;6;400;//Argnu beef.avi;589400;17000;
2102;2103;2104;2202;2;10;6;400;10;23;400;//Artificial Fertilizer.avi;606400;;
2103;2104;2105;2203;2;10;23;400;10;40;400;//Best Buys Locator.avi;623400;;
2104;2105;2106;2204;2;10;40;400;10;57;400;//Best Selling Price Locator.avi;640400;;
2105;2106;2107;2205;2;10;57;400;11;14;400;//BioMicro-Organisms.avi;657400;;
2106;2107;2101;2206;2;11;14;400;11;31;400;//Cargo Lifesupport System.avi;674400;;
2107;2101;2102;2207;2;11;31;400;11;48;400;//Cartography Chips.avi;691400;;
2101;2102;2103;2208;2;11;48;400;12;5;400;//Chelts Meat.avi;708400;;
2102;2103;2104;2209;2;12;5;400;12;22;400;//Cloth Rimes.avi;725400;;
2103;2104;2105;2210;2;12;22;400;12;39;400;//Computer Components.avi;742400;;
2104;2105;2106;2211;2;12;39;400;12;56;400;//Construction Equipment.avi;759400;;
2105;2106;2107;2212;2;12;56;400;13;13;400;//Crystals.avi;776400;;
2106;2107;2101;2213;2;13;13;400;13;30;400;//Delexian Wheat.avi;793400;;
2107;2101;2102;2214;2;13;30;400;13;47;400;//Docking computer.avi;810400;;
2101;2102;2103;2215;2;13;47;400;14;4;400;//Duplex Scanner.avi;827400;;
2102;2103;2104;2216;2;14;4;400;14;21;400;//Ecliptic projector.avi;844400;;
2103;2104;2105;2217;2;14;21;400;14;38;400;//Energy Cell.avi;861400;;
2104;2105;2106;2218;2;14;38;400;16;35;733;//Engine Components.avi;878400;;
2105;2106;2107;2219;2;16;35;733;15;12;400;//Food Ration.avi;895400;;
2106;2107;2101;2220;2;15;12;400;15;29;400;//FreightScanner.avi;912400;;
2107;2101;2102;2221;2;15;29;400;15;46;400;//Hackerchip.avi;929400;;
2101;2102;2103;2222;2;15;46;400;16;3;400;//Hand Weapons 3D View Final .avi;946400;;
2102;2103;2104;2223;2;16;3;400;16;20;400;//Jumpdrives.avi;963400;;
2103;2104;2105;2224;2;16;20;400;16;37;400;//Luxury Foodstuff.avi;980400;;
2104;2105;2106;2225;2;16;37;400;16;54;400;//Majaglit.avi;997400;;
2105;2106;2107;2226;2;16;54;400;17;11;400;//Mass Driver Ammunition.avi;1014400;;
2106;2107;2101;2227;2;17;11;400;17;28;400;//Medical Equipment.avi;1031400;;
2107;2101;2102;2228;2;17;28;400;20;15;733;//Microchips.avi;1048400;;
2101;2102;2103;2229;2;20;15;733;18;2;400;//Military Personnel.avi;1065400;;length
2102;2103;2104;2230;2;18;2;400;18;19;400;//Mineral Scanner.avi;1082400;;12000
2103;2104;2105;2231;2;18;19;400;18;36;400;//Mining Equipment New.avi;1099400;;12040
2104;2105;2106;2232;2;18;36;400;18;53;400;//Narcotics.avi;1116400;;12037
2105;2106;2107;2233;2;18;53;400;19;10;400;//Nividium.avi;1133400;;
2106;2107;2101;2234;2;19;10;400;19;27;400;//Ore Collector.avi;1150400;;
2107;2101;2102;2235;2;19;27;400;19;44;400;//Ore.avi;1167400;;
2101;2102;2103;2236;2;19;44;400;20;1;400;//Passenger.avi;1184400;;
2102;2103;2104;2237;2;20;1;400;20;18;400;//Plankton.avi;1201400
2103;2104;2105;2238;2;20;18;400;20;35;400;//Quantum Tube.avi;1218400
2104;2105;2106;2239;2;20;35;400;20;52;400;//Radioactive Waste 3D View Final.avi;1235400
2105;2106;2107;2240;2;20;52;400;21;9;400;//Scruffin Fruits.avi;1252400
2106;2107;2101;2241;2;21;9;400;21;26;400;//Singularity Engine Time Accelerator.avi;1269400
2107;2101;2102;2242;2;21;26;400;21;43;400;//Slave.avi;1286400
2101;2102;2103;2243;2;21;43;400;22;0;400;//Snail 01 Cine.avi;1303400
2102;2103;2104;2244;2;22;0;400;22;17;400;//Software Packages.avi;1320400
2103;2104;2105;2245;2;22;17;400;22;34;400;//Space Fuel.avi;1337400
2104;2105;2106;2246;2;22;34;400;22;51;400;//Space Weed .avi;1354400
2105;2106;2107;2247;2;22;51;400;23;8;400;//SpaceFly Eggs.avi;1371400
2106;2107;2101;2248;2;23;8;400;23;25;400;//SQUASH Mine.avi;1388400
2107;2101;2102;2249;2;23;25;400;23;42;400;//Stott Spices .avi;1405400
2101;2102;2103;2250;2;23;42;400;23;59;400;//Trading System Extension.avi;1422400
2102;2103;2104;2251;2;23;59;400;24;16;400;//Transporter Device.avi;1439400
2103;2104;2105;2252;2;24;16;400;24;33;400;//VIP Passenger.avi;1456400
2104;2105;2106;2253;2;24;33;400;24;50;400;//Warheads.avi;1473400
2105;2106;2107;2254;2;24;50;400;25;7;400;//Water.avi;1490400
2106;2107;2101;2255;2;25;7;400;25;24;400;//Weapon Interface Chip.avi;1507400
2301;0;0;0;2;25;24;400;27;33;480;//Newsclip1
2302;0;0;0;2;27;33;480;29;8;80;//Newsclip2
2303;0;0;0;2;29;8;80;29;57;80;//Newsclip3
2304;0;0;0;2;29;57;80;30;57;80;//Newsclip4
2305;0;0;0;2;30;57;80;31;27;80;//Newsclip5
2306;0;0;0;2;31;27;80;32;19;480;//Newsclip6
